0.005 
0.028 
-0.027 
-0.032 
0.061 
0.059 
-0.066 
0.011 
-0.048 
-0.005 
0.050 
0.035 
0.036 
0.043 
0.045 
0.000 
-0.013 
-0.019 
0.033 
0.000 
0.006 
0.048 
-0.013 
-0.007 
-0.013 
-0.032 
-0.006 
0.006 
0.006 
-0.019 
-0.013 
-0.018 
0.006 
-0.006 
0.012 
-0.024 
0.044 
-0.054 
0.012 
0.000 
0.038 
0.019 
0.000 
0.000 
0.026 
0.027 
-0.026 
0.020 
-0.026 
0.000 
-0.056 
0.006 
0.032 
0.020 
0.020 
-0.007 
-0.013 
-0.073 
0.000 
0.006 
-0.006 
-0.029 
-0.006 
-0.028 
-0.017 
-0.027 
0.034 
0.035 
0.096 
-0.013 
0.000 
-0.030 
0.012 
0.000 
0.006 
0.052 
-0.050 
0.000 
-0.024 
-0.035 
-0.012 
-0.017 
-0.006 
0.006 
-0.006 
0.011 
0.035 
0.030 
-0.063 
-0.011 
0.066 
-0.046 
0.006 
-0.006 
-0.033 
0.046 
-0.023 
-0.022 
0.023 
-0.022 
-0.011 
0.017 
0.023 
0.029 
0.049 
0.095 
0.042 
0.044 
-0.069 
-0.058 
-0.043 
-0.064 
0.030 
0.113 
-0.090 
-0.297 
0.068 
0.009 
0.106 
0.165 
-0.091 
-0.065 
-0.005 
-0.069 
-0.077 
-0.004 
-0.008 
0.040 
-0.054 
0.025 
-0.025 
-0.012 
-0.039 
0.041 
-0.032 
0.020 
-0.031 
-0.041 
0.043 
0.071 
-0.008 
0.043 
0.055 
-0.009 
-0.035 
0.018 
-0.026 
0.060 
0.024 
0.005 
0.071 
0.031 
-0.045 
-0.052 
-0.019 
-0.049 
0.066 
0.098 
0.011 
-0.010 
-0.030 
0.157 
0.006 
-0.012 
-0.028 
-0.006 
0.029 
0.018 
-0.034 
-0.033 
-0.042 
-0.025 
-0.005 
0.059 
0.039 
0.023 
0.006 
0.000 
0.006 
-0.055 
-0.061 
-0.025 
0.053 
0.005 
0.086 
-0.033 
0.053 
0.018 
-0.040 
0.017 
0.096 
0.000 
0.047 
0.136 
0.048 
-0.031 
-0.015 
-0.022 
-0.094 
0.014 
-0.026 
-0.056 
0.212 
0.138 
0.000 
0.036 
0.000 
-0.176 
-0.081 
-0.103 
-0.073 
-0.027 
0.000 
0.011 
-0.032 
-0.011 
0.050 
0.011 
0.017 
0.023 
-0.100 
0.016 
-0.092 
-0.042 
-0.032 
0.023 
0.038 
0.005 
-0.009 
-0.087 
-0.046 
-0.032 
0.021 
-0.024 
0.000 
-0.020 
-0.008 
0.000 
0.008 
0.020 
0.037 
0.025 
0.000 
0.083 
0.059 
0.062 
0.049 
-0.011 
-0.036 
-0.040 
0.005 
-0.149 
0.000 
0.000 
0.000 
-0.096 
