1.850 
1.840 
1.790 
1.840 
1.900 
1.790 
1.690 
1.810 
1.790 
1.880 
1.890 
1.800 
1.740 
1.680 
1.610 
1.540 
1.540 
1.560 
1.590 
1.540 
1.540 
1.530 
1.460 
1.480 
1.490 
1.510 
1.560 
1.570 
1.560 
1.550 
1.580 
1.600 
1.630 
1.620 
1.630 
1.610 
1.650 
1.580 
1.670 
1.650 
1.650 
1.590 
1.560 
1.560 
1.560 
1.520 
1.480 
1.520 
1.490 
1.530 
1.530 
1.620 
1.610 
1.560 
1.530 
1.500 
1.510 
1.530 
1.650 
1.650 
1.640 
1.650 
1.700 
1.710 
1.760 
1.790 
1.840 
1.780 
1.720 
1.570 
1.590 
1.590 
1.640 
1.620 
1.620 
1.610 
1.530 
1.610 
1.610 
1.650 
1.710 
1.730 
1.760 
1.770 
1.760 
1.770 
1.750 
1.690 
1.640 
1.750 
1.770 
1.660 
1.740 
1.730 
1.740 
1.800 
1.720 
1.760 
1.800 
1.760 
1.800 
1.820 
1.790 
1.750 
1.700 
1.620 
1.480 
1.420 
1.360 
1.460 
1.550 
1.620 
1.730 
1.680 
1.510 
1.660 
2.360 
2.210 
2.190 
1.980 
1.700 
1.870 
2.000 
2.010 
2.160 
2.340 
2.350 
2.370 
2.280 
2.410 
2.350 
2.410 
2.440 
2.540 
2.440 
2.520 
2.470 
2.550 
2.660 
2.550 
2.380 
2.400 
2.300 
2.180 
2.200 
2.280 
2.240 
2.300 
2.170 
2.120 
2.110 
1.970 
1.910 
2.000 
2.110 
2.150 
2.260 
2.120 
1.930 
1.910 
1.930 
1.990 
1.720 
1.710 
1.730 
1.780 
1.790 
1.740 
1.710 
1.770 
1.830 
1.910 
1.960 
1.970 
1.860 
1.790 
1.750 
1.740 
1.740 
1.730 
1.830 
1.950 
2.000 
1.900 
1.890 
1.740 
1.800 
1.710 
1.680 
1.750 
1.720 
1.570 
1.570 
1.500 
1.320 
1.260 
1.300 
1.320 
1.350 
1.490 
1.470 
1.510 
1.600 
1.320 
1.160 
1.160 
1.120 
1.120 
1.360 
1.480 
1.650 
1.780 
1.830 
1.830 
1.810 
1.870 
1.890 
1.800 
1.780 
1.750 
1.710 
1.900 
1.870 
2.060 
2.150 
2.220 
2.170 
2.090 
2.080 
2.100 
2.300 
2.410 
2.490 
2.440 
2.500 
2.500 
2.550 
2.570 
2.570 
2.550 
2.500 
2.410 
2.350 
2.350 
2.170 
2.050 
1.930 
1.840 
1.860 
1.930 
2.010 
2.000 
2.350 
2.350 
2.350 
2.350 
