1.470 
1.510 
1.600 
1.320 
1.160 
1.160 
1.120 
1.120 
1.360 
1.480 
1.650 
1.780 
1.830 
1.830 
1.810 
1.870 
1.890 
1.800 
1.780 
1.750 
1.710 
1.900 
1.870 
2.060 
2.150 
2.220 
2.170 
2.090 
2.080 
2.100 
2.300 
2.410 
2.490 
2.440 
2.500 
2.500 
2.550 
2.570 
2.570 
2.550 
2.500 
2.410 
2.350 
2.350 
2.170 
2.050 
1.930 
1.840 
1.860 
1.930 
2.010 
2.000 
2.350 
2.350 
2.350 
2.350 
2.600 
3.100 
2.600 
2.850 
2.850 
3.050 
3.200 
3.200 
3.500 
3.850 
4.000 
4.200 
5.050 
4.850 
5.500 
6.250 
7.650 
7.400 
5.750 
6.500 
6.950 
6.650 
6.850 
7.400 
7.250 
7.100 
6.750 
7.200 
6.750 
5.300 
5.500 
5.400 
5.500 
5.350 
5.750 
5.850 
5.750 
4.600 
4.700 
5.350 
5.550 
5.650 
6.750 
6.200 
6.350 
7.100 
7.950 
8.800 
7.700 
7.650 
7.000 
7.250 
7.600 
7.200 
6.800 
6.900 
6.250 
5.950 
5.500 
4.500 
4.050 
4.200 
4.700 
4.700 
4.600 
4.650 
3.600 
4.600 
4.950 
5.800 
5.750 
6.000 
6.500 
6.950 
6.750 
6.550 
6.750 
6.100 
6.250 
5.600 
7.950 
11.300 
16.100 
14.250 
14.300 
15.250 
12.750 
10.300 
10.700 
11.300 
11.850 
13.100 
14.400 
16.550 
14.250 
15.000 
14.250 
15.050 
16.650 
17.250 
16.000 
16.700 
16.500 
16.600 
15.200 
15.000 
15.700 
16.250 
15.750 
16.000 
15.200 
15.250 
16.450 
16.050 
15.900 
15.600 
16.500 
17.350 
15.850 
14.650 
15.650 
15.550 
14.850 
15.500 
14.950 
13.450 
12.500 
11.700 
10.900 
10.500 
10.200 
11.000 
11.300 
12.000 
13.450 
13.250 
13.150 
13.100 
13.750 
13.750 
14.050 
15.000 
15.250 
17.450 
17.500 
15.800 
14.000 
13.900 
15.200 
15.200 
15.000 
15.550 
15.200 
16.000 
16.250 
17.600 
17.700 
17.000 
17.100 
16.650 
18.500 
19.850 
20.750 
21.650 
18.500 
18.250 
17.150 
16.450 
18.000 
19.750 
17.500 
15.250 
16.600 
15.500 
16.500 
18.700 
19.100 
18.800 
16.500 
16.200 
16.250 
13.550 
18.500 
20.600 
23.300 
21.950 
20.750 
22.500 
22.500 
22.600 
24.150 
24.250 
24.800 
23.500 
22.150 
21.200 
22.000 
22.350 
23.700 
23.400 
22.750 
22.950 
23.000 
23.900 
24.500 
25.500 
24.850 
24.250 
24.200 
23.500 
23.100 
24.500 
24.800 
28.950 
28.250 
26.950 
28.000 
26.750 
26.350 
26.100 
26.000 
26.900 
26.950 
27.950 
28.000 
26.500 
26.500 
25.600 
24.800 
25.050 
24.750 
24.250 
26.000 
26.250 
26.000 
26.850 
26.800 
26.700 
27.150 
26.000 
26.200 
28.000 
29.250 
30.500 
30.150 
30.100 
30.350 
29.500 
28.500 
26.800 
26.900 
27.900 
30.100 
29.750 
31.050 
30.750 
30.000 
31.000 
31.500 
31.650 
31.750 
30.700 
30.150 
32.000 
31.500 
31.000 
31.000 
32.000 
32.500 
30.100 
32.000 
32.250 
33.750 
33.500 
33.800 
34.250 
34.000 
34.750 
34.250 
34.500 
33.500 
32.550 
33.350 
33.300 
32.800 
32.250 
32.650 
32.450 
32.450 
31.600 
30.500 
30.450 
29.750 
30.500 
30.250 
30.000 
28.800 
28.950 
29.250 
28.650 
30.000 
30.250 
30.250 
30.000 
31.000 
30.750 
31.250 
31.800 
30.500 
30.400 
30.950 
30.150 
31.150 
32.550 
32.400 
32.100 
31.500 
30.850 
31.050 
31.000 
31.600 
34.250 
35.250 
35.250 
35.000 
34.250 
34.000 
34.000 
34.250 
33.850 
34.750 
36.500 
37.500 
35.800 
35.800 
36.100 
36.250 
35.750 
36.300 
36.950 
38.000 
38.000 
36.400 
34.800 
35.000 
35.550 
34.500 
34.900 
35.000 
34.700 
34.000 
33.000 
32.750 
32.350 
31.500 
30.000 
30.900 
30.750 
33.300 
32.350 
31.800 
32.500 
34.800 
34.400 
34.500 
35.250 
35.150 
34.850 
33.750 
33.700 
34.350 
34.000 
33.950 
34.250 
34.750 
34.500 
33.850 
34.200 
35.050 
36.650 
36.000 
36.150 
37.000 
36.000 
36.450 
34.750 
35.000 
35.750 
36.250 
36.500 
36.500 
35.000 
36.900 
37.500 
36.950 
36.400 
36.400 
34.950 
36.350 
35.400 
34.200 
33.450 
34.850 
35.600 
36.200 
36.600 
36.650 
36.250 
35.950 
35.500 
34.950 
35.100 
34.850 
34.550 
35.400 
34.850 
34.950 
34.500 
35.550 
35.450 
34.700 
35.150 
35.000 
34.100 
33.750 
33.950 
33.500 
32.550 
31.650 
32.150 
32.050 
32.300 
33.850 
33.300 
33.000 
34.150 
35.300 
35.250 
36.350 
35.300 
36.500 
36.850 
35.450 
34.750 
33.450 
32.050 
32.600 
31.550 
31.400 
32.100 
29.500 
29.550 
29.650 
29.300 
29.500 
29.700 
29.200 
30.250 
30.650 
30.550 
29.750 
30.000 
30.000 
30.500 
31.000 
33.000 
33.000 
32.750 
34.000 
34.000 
33.500 
32.000 
32.050 
31.850 
32.000 
31.750 
31.950 
32.350 
31.950 
31.200 
32.750 
32.300 
32.450 
32.100 
32.350 
32.500 
33.050 
33.100 
32.500 
32.950 
33.250 
33.300 
33.450 
34.750 
35.000 
33.100 
32.400 
31.950 
31.600 
31.100 
31.650 
31.900 
32.000 
32.400 
30.400 
29.500 
29.050 
27.750 
28.500 
28.400 
28.750 
29.400 
28.500 
28.950 
28.050 
27.550 
29.700 
28.950 
29.200 
28.100 
28.600 
29.250 
28.800 
28.500 
28.500 
26.150 
26.100 
25.500 
26.000 
25.650 
25.400 
25.050 
24.400 
23.600 
24.800 
25.050 
23.600 
24.500 
25.050 
25.550 
26.500 
26.250 
25.350 
25.750 
24.750 
24.300 
23.350 
23.500 
23.500 
23.050 
22.800 
22.500 
21.850 
22.550 
21.750 
21.650 
21.500 
21.700 
22.000 
22.500 
22.700 
21.850 
21.850 
20.000 
19.900 
19.900 
20.250 
21.300 
21.950 
21.250 
20.800 
21.250 
21.250 
21.500 
21.500 
20.500 
19.150 
19.250 
19.500 
20.750 
20.750 
21.000 
21.250 
21.250 
21.850 
20.250 
20.250 
24.500 
25.950 
27.000 
27.750 
29.500 
31.450 
33.500 
30.350 
29.500 
31.900 
32.200 
29.000 
27.550 
28.500 
28.150 
28.400 
28.750 
30.750 
31.750 
29.500 
31.100 
24.250 
27.460 
25.500 
20.510 
17.140 
19.610 
21.570 
21.040 
18.360 
17.470 
17.560 
14.730 
13.600 
13.380 
13.110 
14.350 
14.530 
14.520 
13.040 
11.500 
10.610 
10.170 
10.960 
10.960 
11.590 
12.660 
12.520 
13.010 
13.500 
13.090 
13.130 
12.130 
13.380 
13.200 
14.300 
15.120 
15.530 
15.420 
14.780 
15.970 
15.640 
16.230 
17.470 
18.190 
17.690 
16.660 
17.470 
18.720 
19.610 
21.400 
21.220 
20.690 
21.400 
21.040 
21.400 
22.470 
22.290 
23.540 
24.600 
25.320 
23.540 
23.000 
22.820 
22.650 
23.180 
23.000 
23.180 
24.430 
23.180 
24.960 
23.000 
20.690 
21.760 
22.820 
23.540 
22.820 
24.250 
27.640 
27.810 
28.710 
28.710 
28.350 
29.250 
26.750 
27.280 
25.680 
26.040 
27.280 
24.430 
23.000 
25.140 
23.000 
23.360 
27.460 
27.460 
29.250 
29.780 
28.350 
28.350 
30.320 
29.420 
27.810 
29.070 
27.460 
28.000 
27.280 
29.950 
33.700 
33.700 
34.770 
32.810 
31.380 
32.280 
26.750 
26.210 
28.350 
26.930 
27.810 
32.280 
30.490 
35.130 
35.660 
36.020 
32.630 
28.530 
32.100 
32.980 
35.130 
40.470 
40.830 
41.720 
40.300 
40.830 
38.160 
37.800 
37.630 
36.380 
34.950 
32.980 
32.280 
31.740 
33.700 
34.230 
36.200 
31.740 
31.030 
32.630 
31.560 
29.600 
28.710 
29.250 
29.600 
28.530 
30.320 
29.070 
29.420 
29.950 
27.810 
28.170 
27.810 
30.320 
28.000 
27.810 
26.040 
25.500 
25.850 
24.250 
23.900 
24.070 
23.710 
24.250 
23.540 
24.790 
25.680 
24.430 
25.680 
25.320 
23.710 
24.070 
23.540 
22.290 
22.470 
22.820 
22.470 
23.000 
24.430 
23.000 
21.760 
21.220 
22.470 
21.570 
21.040 
18.720 
17.830 
18.190 
18.190 
17.660 
19.440 
19.440 
19.260 
19.790 
19.790 
20.150 
19.440 
19.080 
19.610 
21.040 
21.400 
21.040 
22.470 
20.860 
21.400 
22.470 
19.610 
19.970 
20.150 
18.190 
22.290 
23.180 
22.290 
25.320 
25.320 
24.070 
21.930 
16.910 
15.340 
14.930 
14.070 
13.010 
12.570 
12.300 
13.500 
15.690 
15.850 
16.470 
15.560 
14.170 
14.000 
14.680 
13.830 
13.450 
13.580 
12.340 
12.660 
13.230 
14.050 
13.730 
14.830 
12.880 
12.840 
14.980 
18.550 
17.720 
16.940 
18.900 
19.080 
18.900 
18.720 
19.080 
19.610 
19.080 
18.190 
20.860 
21.400 
20.150 
19.260 
19.080 
15.010 
14.280 
15.460 
15.500 
17.440 
17.320 
19.080 
19.080 
22.470 
23.710 
23.900 
24.070 
25.320 
26.390 
26.390 
25.320 
24.600 
25.320 
24.070 
27.460 
29.070 
27.640 
27.640 
23.180 
23.900 
23.710 
23.710 
21.930 
24.430 
24.250 
24.070 
28.350 
32.280 
32.280 
27.810 
25.850 
30.140 
31.030 
25.850 
28.530 
29.420 
30.670 
28.170 
23.540 
28.890 
29.600 
27.110 
22.110 
20.860 
20.150 
15.690 
13.000 
13.710 
11.860 
11.070 
9.880 
8.670 
8.560 
8.310 
8.030 
7.810 
7.490 
7.670 
8.290 
8.010 
8.170 
9.100 
9.590 
9.230 
9.220 
9.380 
8.380 
7.940 
7.860 
7.780 
7.630 
7.860 
8.730 
8.590 
8.920 
9.290 
10.520 
10.260 
10.820 
11.180 
11.410 
11.540 
11.280 
12.220 
12.750 
12.840 
13.010 
12.840 
