1.870 
1.870 
1.840 
1.910 
1.950 
1.850 
1.790 
1.840 
1.870 
1.910 
1.900 
1.820 
1.770 
1.720 
1.630 
1.570 
1.590 
1.620 
1.630 
1.540 
1.580 
1.540 
1.490 
1.520 
1.530 
1.580 
1.600 
1.580 
1.580 
1.590 
1.620 
1.640 
1.650 
1.640 
1.680 
1.660 
1.670 
1.650 
1.680 
1.670 
1.660 
1.600 
1.580 
1.570 
1.560 
1.530 
1.510 
1.540 
1.570 
1.560 
1.590 
1.650 
1.620 
1.600 
1.550 
1.570 
1.550 
1.660 
1.690 
1.670 
1.640 
1.740 
1.750 
1.790 
1.790 
1.860 
1.850 
1.900 
1.780 
1.630 
1.620 
1.640 
1.640 
1.620 
1.670 
1.610 
1.610 
1.650 
1.680 
1.740 
1.740 
1.770 
1.790 
1.780 
1.790 
1.800 
1.780 
1.690 
1.730 
1.830 
1.770 
1.750 
1.760 
1.750 
1.800 
1.800 
1.770 
1.870 
1.820 
1.840 
1.820 
1.870 
1.900 
1.780 
1.700 
1.640 
1.480 
1.460 
1.450 
1.570 
1.720 
1.710 
1.790 
1.750 
1.720 
1.770 
2.360 
2.210 
2.300 
2.010 
1.850 
2.070 
2.020 
2.080 
2.380 
2.380 
2.410 
2.390 
2.470 
2.480 
2.460 
2.530 
2.650 
2.560 
2.610 
2.560 
2.670 
2.630 
2.750 
2.570 
2.440 
2.440 
2.300 
2.230 
2.300 
2.300 
2.330 
2.350 
2.200 
2.200 
2.130 
2.080 
2.030 
2.040 
2.180 
2.330 
2.300 
2.120 
1.960 
1.960 
1.980 
2.010 
1.730 
1.760 
1.740 
1.810 
1.810 
1.750 
1.800 
1.900 
1.880 
1.960 
1.970 
1.980 
1.910 
1.800 
1.890 
1.750 
1.790 
1.930 
1.980 
2.040 
2.050 
1.980 
1.930 
1.770 
1.820 
1.710 
1.800 
1.750 
1.810 
1.620 
1.650 
1.500 
1.360 
1.280 
1.340 
1.430 
1.480 
1.550 
1.560 
1.640 
1.650 
1.350 
1.200 
1.260 
1.120 
1.360 
1.510 
1.650 
1.780 
1.850 
1.860 
1.860 
1.900 
1.910 
1.890 
1.840 
1.840 
1.830 
1.810 
1.960 
2.060 
2.170 
2.250 
2.260 
2.190 
2.110 
2.180 
2.230 
2.450 
2.500 
2.520 
2.520 
2.530 
2.530 
2.570 
2.660 
2.650 
2.590 
2.590 
2.410 
2.440 
2.350 
2.210 
2.050 
1.960 
1.930 
1.930 
2.000 
2.060 
2.260 
2.350 
2.350 
2.350 
2.700 
