1.470 
1.450 
1.360 
1.120 
0.949 
1.110 
0.990 
0.990 
1.360 
1.470 
1.610 
1.780 
1.800 
1.750 
1.790 
1.860 
1.720 
1.770 
1.760 
1.650 
1.670 
1.860 
1.780 
2.050 
2.150 
2.180 
2.080 
2.050 
2.020 
1.990 
2.270 
2.390 
2.410 
2.440 
2.470 
2.460 
2.510 
2.520 
2.500 
2.470 
2.410 
2.300 
2.260 
2.170 
2.040 
1.900 
1.820 
1.810 
1.830 
1.890 
1.990 
2.000 
2.350 
2.350 
2.350 
2.350 
2.500 
2.600 
2.550 
2.700 
2.500 
2.650 
3.000 
3.100 
3.400 
3.600 
3.650 
4.150 
4.800 
4.750 
5.400 
6.150 
7.400 
6.800 
5.450 
6.150 
6.250 
6.300 
6.850 
7.350 
6.800 
6.800 
6.600 
6.850 
5.250 
5.200 
5.400 
5.300 
5.400 
5.150 
5.600 
5.450 
4.700 
4.450 
4.600 
5.000 
5.100 
5.400 
6.350 
6.050 
6.200 
6.650 
7.650 
7.550 
7.250 
7.050 
6.450 
6.900 
7.050 
6.700 
6.600 
6.300 
5.650 
5.250 
4.650 
4.100 
3.900 
4.200 
4.500 
4.500 
4.350 
3.800 
3.250 
4.600 
4.800 
5.400 
5.500 
5.900 
6.150 
6.400 
6.300 
6.550 
6.150 
5.950 
3.950 
5.600 
7.950 
11.300 
13.700 
13.600 
13.750 
13.300 
11.500 
10.300 
10.200 
11.300 
11.700 
12.400 
14.400 
15.650 
14.250 
14.250 
14.250 
15.050 
16.000 
16.500 
15.800 
16.050 
16.000 
14.950 
14.900 
14.800 
15.700 
15.500 
15.250 
15.750 
14.250 
15.250 
15.500 
16.000 
15.200 
14.900 
16.450 
16.650 
14.050 
14.150 
14.950 
13.950 
14.600 
14.750 
13.000 
12.150 
11.150 
10.800 
10.000 
10.100 
10.100 
10.600 
10.700 
12.000 
13.200 
12.950 
12.900 
12.950 
13.650 
13.750 
13.850 
14.800 
15.200 
17.050 
15.800 
14.650 
13.600 
13.400 
15.200 
14.050 
14.750 
15.050 
15.200 
15.800 
16.000 
17.200 
16.600 
16.250 
16.750 
16.650 
18.100 
19.550 
20.000 
19.850 
18.100 
16.750 
16.950 
16.350 
17.550 
18.750 
16.000 
15.150 
15.750 
14.750 
15.850 
15.100 
18.050 
17.550 
16.250 
15.800 
14.350 
12.950 
16.400 
20.250 
22.150 
20.250 
20.550 
22.300 
22.250 
22.250 
23.800 
24.000 
23.200 
21.900 
20.550 
20.650 
20.050 
21.900 
22.700 
22.350 
22.300 
19.100 
22.700 
23.550 
24.500 
24.050 
23.900 
23.550 
23.550 
22.350 
22.400 
22.150 
24.300 
28.000 
26.950 
26.950 
26.400 
26.350 
25.400 
26.000 
25.800 
25.850 
26.900 
26.900 
26.300 
25.850 
25.600 
24.900 
24.500 
24.550 
24.200 
24.200 
25.150 
24.850 
25.650 
26.700 
26.400 
26.700 
25.700 
25.350 
25.350 
28.000 
27.350 
29.850 
29.400 
29.400 
29.400 
28.650 
26.200 
25.800 
23.400 
27.700 
29.300 
29.650 
31.050 
29.800 
30.000 
31.000 
30.300 
31.000 
31.500 
30.350 
30.150 
31.050 
30.750 
30.050 
30.400 
31.150 
29.850 
29.850 
31.800 
31.950 
33.300 
33.450 
33.650 
33.500 
33.850 
33.950 
33.800 
33.200 
32.400 
32.250 
32.150 
32.750 
31.700 
32.100 
32.000 
31.800 
31.700 
30.300 
30.300 
29.650 
29.200 
29.650 
29.600 
28.600 
28.350 
28.050 
27.200 
26.550 
29.950 
29.800 
29.900 
29.650 
30.300 
30.650 
31.150 
30.850 
30.050 
30.250 
30.150 
29.750 
31.100 
31.950 
31.800 
31.450 
30.650 
30.550 
30.400 
30.950 
31.300 
34.100 
35.100 
34.850 
34.350 
34.050 
33.750 
33.750 
33.700 
33.850 
34.700 
36.050 
35.600 
35.750 
35.350 
35.950 
35.800 
35.300 
35.900 
36.450 
37.000 
36.500 
34.950 
34.250 
34.800 
34.750 
34.500 
34.500 
34.200 
33.800 
33.000 
32.250 
31.500 
31.850 
30.500 
29.200 
30.250 
30.600 
32.500 
32.000 
31.750 
32.500 
34.300 
34.200 
34.500 
34.600 
34.750 
33.850 
33.550 
33.700 
34.000 
33.650 
33.950 
34.200 
34.500 
33.750 
33.850 
33.800 
35.050 
35.900 
35.350 
35.500 
35.550 
35.700 
34.950 
34.750 
34.850 
35.650 
36.150 
36.000 
35.700 
34.900 
36.250 
36.250 
36.300 
36.100 
35.350 
34.850 
34.700 
33.850 
33.050 
32.650 
33.350 
34.500 
35.650 
35.450 
35.800 
35.250 
35.600 
34.650 
34.450 
34.600 
34.000 
34.550 
34.800 
34.600 
34.250 
34.500 
34.950 
34.800 
34.700 
34.600 
34.250 
33.350 
33.100 
33.500 
32.050 
31.200 
31.450 
31.850 
31.300 
32.300 
32.450 
32.250 
32.700 
34.150 
35.000 
34.850 
35.700 
35.100 
36.000 
35.000 
34.500 
33.800 
31.800 
32.050 
31.550 
31.050 
31.200 
29.500 
28.900 
28.900 
29.350 
28.950 
29.050 
28.700 
28.800 
30.000 
30.050 
30.000 
29.750 
29.800 
30.000 
30.000 
30.850 
31.900 
31.550 
32.500 
32.650 
33.300 
32.250 
31.600 
31.300 
31.050 
31.250 
31.500 
31.300 
32.000 
31.100 
31.000 
32.250 
32.250 
32.150 
32.000 
32.100 
32.300 
32.900 
32.100 
31.900 
32.050 
32.850 
32.400 
31.850 
33.950 
33.200 
32.400 
31.500 
31.200 
31.450 
31.100 
31.350 
31.500 
31.150 
30.900 
29.550 
29.050 
27.700 
27.750 
28.000 
27.650 
28.750 
28.250 
28.450 
27.850 
27.600 
27.550 
29.500 
28.750 
28.100 
27.750 
28.300 
28.350 
28.200 
28.450 
26.150 
26.000 
25.450 
25.350 
25.500 
25.000 
25.150 
24.350 
22.850 
23.550 
24.750 
23.500 
23.600 
24.250 
24.400 
24.900 
25.550 
24.600 
25.350 
24.650 
24.050 
23.350 
23.000 
23.200 
23.050 
22.550 
22.350 
21.800 
21.850 
21.800 
21.650 
21.350 
21.400 
21.700 
21.750 
22.050 
21.650 
21.700 
19.950 
19.450 
19.900 
19.650 
20.200 
21.300 
21.350 
20.550 
20.300 
20.100 
20.950 
21.250 
20.300 
18.900 
19.050 
18.950 
19.300 
20.600 
20.350 
20.900 
20.000 
20.500 
19.500 
20.000 
19.300 
23.350 
25.400 
27.000 
27.750 
28.800 
30.850 
30.000 
27.550 
29.500 
30.500 
29.500 
27.550 
27.250 
28.250 
27.400 
28.050 
28.750 
29.850 
29.400 
26.850 
28.000 
23.000 
24.600 
21.930 
16.170 
17.140 
19.610 
20.150 
18.360 
17.390 
16.090 
15.160 
13.730 
12.930 
13.110 
13.070 
13.550 
13.130 
13.050 
11.590 
10.700 
8.060 
10.170 
10.680 
10.710 
10.910 
12.130 
12.300 
12.300 
12.630 
12.320 
12.160 
12.110 
12.930 
12.940 
14.300 
14.770 
14.680 
14.520 
14.780 
14.460 
15.440 
16.050 
17.390 
17.830 
16.910 
16.260 
17.470 
18.720 
19.610 
21.040 
20.510 
20.690 
20.690 
20.690 
20.690 
22.110 
22.110 
23.540 
23.900 
23.710 
22.820 
21.930 
22.650 
22.290 
23.000 
22.820 
23.180 
22.820 
23.000 
23.360 
20.690 
20.150 
21.220 
22.650 
23.360 
22.650 
23.900 
26.390 
27.280 
28.170 
28.000 
28.350 
26.930 
25.850 
25.850 
25.500 
25.680 
24.960 
22.470 
23.000 
23.710 
22.110 
23.000 
27.110 
27.110 
28.890 
28.170 
27.810 
28.350 
29.250 
28.170 
27.640 
27.460 
26.930 
26.930 
27.110 
29.600 
32.810 
33.520 
33.170 
29.070 
30.490 
28.000 
25.680 
26.210 
27.110 
24.790 
26.210 
29.250 
30.490 
34.410 
35.130 
31.920 
27.810 
27.460 
31.030 
31.560 
34.950 
39.580 
40.660 
38.340 
39.940 
37.630 
37.090 
37.090 
36.020 
34.590 
32.980 
32.630 
30.840 
31.740 
33.700 
34.060 
31.920 
30.840 
31.030 
30.840 
31.200 
28.890 
28.710 
28.530 
27.640 
28.530 
28.710 
28.530 
29.420 
26.210 
27.810 
27.280 
27.810 
27.810 
26.570 
25.500 
25.850 
24.960 
24.430 
23.900 
23.900 
23.540 
23.540 
23.540 
23.540 
24.430 
24.070 
24.250 
24.960 
23.900 
23.540 
23.540 
22.110 
22.290 
22.470 
21.930 
22.110 
22.650 
23.360 
21.930 
21.040 
21.220 
20.330 
20.860 
19.790 
18.190 
17.780 
18.010 
17.800 
17.660 
19.440 
19.080 
19.260 
19.440 
19.790 
19.260 
18.550 
18.550 
19.610 
20.860 
20.510 
20.690 
20.330 
20.510 
21.400 
21.760 
18.720 
19.440 
17.720 
18.010 
21.930 
20.860 
21.400 
24.070 
24.600 
20.690 
16.940 
15.160 
14.170 
14.450 
12.710 
12.660 
12.320 
11.770 
13.500 
15.230 
15.550 
15.560 
14.870 
13.820 
13.820 
13.730 
13.520 
13.390 
12.130 
12.340 
12.480 
11.940 
12.480 
13.300 
13.200 
12.840 
12.320 
14.280 
17.530 
16.420 
16.940 
18.900 
18.550 
18.360 
18.190 
18.550 
18.720 
17.670 
18.010 
20.150 
19.440 
17.700 
18.360 
15.320 
14.140 
14.280 
15.070 
15.420 
17.030 
17.320 
17.670 
19.080 
22.470 
23.360 
23.710 
23.710 
25.320 
25.680 
23.900 
23.540 
24.600 
22.820 
23.710 
26.570 
28.170 
26.930 
22.820 
22.650 
23.710 
22.820 
19.970 
21.220 
23.000 
22.110 
24.070 
28.170 
31.560 
29.950 
24.430 
25.850 
28.890 
28.530 
23.710 
25.680 
29.070 
27.810 
25.320 
23.360 
25.500 
26.390 
23.000 
19.610 
18.550 
16.280 
13.040 
12.500 
11.340 
10.520 
9.900 
8.730 
8.450 
7.880 
8.070 
7.760 
7.470 
7.490 
7.670 
7.760 
7.810 
8.100 
9.100 
9.330 
9.100 
9.140 
8.560 
7.990 
7.860 
7.860 
7.460 
7.540 
7.860 
8.560 
8.590 
8.920 
9.290 
9.960 
10.260 
10.790 
11.060 
11.410 
11.280 
11.280 
11.340 
12.690 
12.840 
12.590 
12.840 
