1.970 
2.030 
2.040 
1.970 
2.030 
2.090 
2.000 
1.900 
1.990 
2.010 
2.040 
2.050 
2.040 
2.020 
1.990 
1.960 
1.940 
1.990 
1.980 
2.000 
1.970 
1.910 
1.900 
1.920 
1.880 
1.870 
1.870 
1.860 
1.790 
1.780 
1.880 
1.860 
1.800 
1.810 
1.800 
1.780 
1.800 
1.800 
1.680 
1.610 
1.640 
1.630 
1.550 
1.570 
1.550 
1.610 
1.740 
1.620 
1.610 
1.580 
1.470 
1.470 
1.450 
1.450 
1.500 
1.400 
1.380 
1.350 
1.510 
1.470 
1.460 
1.490 
1.510 
1.500 
1.580 
1.700 
1.700 
1.740 
1.770 
1.730 
1.680 
1.670 
1.680 
1.610 
1.590 
1.610 
1.650 
1.670 
1.740 
1.790 
1.780 
1.780 
1.680 
1.630 
1.680 
1.600 
1.600 
1.530 
1.540 
1.590 
1.590 
1.690 
1.770 
1.650 
1.640 
1.750 
1.900 
1.900 
1.840 
1.800 
1.770 
1.860 
1.860 
2.030 
2.030 
2.020 
2.000 
2.040 
2.070 
2.050 
2.040 
2.080 
2.130 
2.100 
2.140 
2.160 
2.180 
2.190 
2.170 
2.200 
2.120 
2.150 
2.150 
2.210 
2.150 
2.110 
2.120 
2.120 
