1.850 
1.770 
1.840 
1.900 
1.830 
1.690 
1.790 
1.790 
1.870 
1.890 
1.800 
1.760 
1.690 
1.620 
1.550 
1.560 
1.580 
1.590 
1.580 
1.480 
1.540 
1.500 
1.480 
1.490 
1.490 
1.570 
1.560 
1.550 
1.550 
1.580 
1.600 
1.630 
1.610 
1.630 
1.630 
1.640 
1.600 
1.650 
1.650 
1.620 
1.580 
1.560 
1.570 
1.540 
1.530 
1.500 
1.460 
1.520 
1.550 
1.540 
1.590 
1.620 
1.590 
1.550 
1.510 
1.540 
1.530 
1.660 
1.640 
1.630 
1.600 
1.700 
1.730 
1.760 
1.780 
1.840 
1.790 
1.730 
1.570 
1.610 
1.600 
1.630 
1.620 
1.580 
1.620 
1.550 
1.610 
1.610 
1.660 
1.710 
1.730 
1.770 
1.770 
1.770 
1.770 
1.790 
1.720 
1.670 
1.730 
1.800 
1.640 
1.740 
1.730 
1.730 
1.800 
1.720 
1.770 
1.840 
1.760 
1.800 
1.800 
1.840 
1.800 
1.720 
1.660 
1.490 
1.450 
1.340 
1.420 
1.570 
1.650 
1.700 
1.730 
1.600 
1.690 
1.660 
2.280 
2.190 
2.190 
1.850 
1.850 
2.040 
1.960 
2.050 
2.380 
2.350 
2.400 
2.310 
2.450 
2.370 
2.410 
2.460 
2.550 
2.450 
2.520 
2.530 
2.650 
2.620 
2.610 
2.400 
2.380 
2.310 
2.240 
2.180 
2.270 
2.250 
2.300 
2.300 
2.200 
2.160 
2.010 
1.960 
2.000 
1.970 
2.100 
2.330 
2.120 
1.930 
1.890 
1.910 
1.980 
1.750 
1.720 
1.760 
1.720 
1.770 
1.760 
1.750 
1.800 
1.780 
1.830 
1.960 
1.970 
1.900 
1.830 
1.740 
1.760 
1.730 
1.720 
1.860 
1.950 
2.020 
2.020 
1.890 
1.740 
1.750 
1.810 
1.680 
1.740 
1.720 
1.600 
1.530 
1.470 
1.370 
1.280 
1.250 
1.280 
1.410 
1.460 
1.480 
1.510 
1.620 
1.370 
1.190 
1.070 
1.140 
1.030 
1.350 
1.510 
1.600 
1.750 
1.850 
1.830 
1.840 
1.880 
1.860 
1.740 
1.830 
1.810 
1.710 
1.800 
1.920 
2.050 
2.150 
2.190 
2.230 
2.120 
2.090 
2.130 
2.210 
2.450 
2.470 
2.470 
2.500 
2.500 
2.500 
2.550 
2.600 
2.610 
2.500 
2.410 
2.350 
2.340 
2.170 
2.090 
1.920 
1.830 
1.870 
1.920 
2.000 
2.020 
2.010 
2.350 
2.350 
2.350 
2.600 
