-0.026 
-0.056 
0.212 
0.138 
0.000 
0.036 
0.000 
-0.176 
-0.081 
-0.103 
-0.073 
-0.027 
0.000 
0.011 
-0.032 
-0.011 
0.050 
0.011 
0.017 
0.023 
-0.100 
0.016 
-0.092 
-0.042 
-0.032 
0.023 
0.038 
0.005 
-0.009 
-0.087 
-0.046 
-0.032 
0.021 
-0.024 
0.000 
-0.020 
-0.008 
0.000 
0.008 
0.020 
0.037 
0.025 
0.000 
0.083 
0.059 
0.062 
0.049 
-0.011 
-0.036 
-0.040 
0.005 
-0.149 
0.000 
0.000 
0.000 
-0.096 
-0.161 
0.192 
-0.088 
0.000 
-0.066 
-0.047 
0.000 
-0.086 
-0.091 
-0.037 
-0.048 
-0.168 
0.041 
-0.118 
-0.120 
-0.183 
0.034 
0.287 
-0.115 
-0.065 
0.045 
-0.029 
-0.074 
0.021 
0.021 
0.052 
-0.063 
0.067 
0.274 
-0.036 
0.018 
-0.018 
0.028 
-0.070 
-0.017 
0.017 
0.250 
-0.021 
-0.121 
-0.036 
-0.018 
-0.163 
0.089 
-0.024 
-0.106 
-0.107 
-0.097 
0.143 
0.006 
0.093 
-0.035 
-0.046 
0.056 
0.059 
-0.015 
0.104 
0.050 
0.082 
0.222 
0.111 
-0.036 
-0.106 
0.000 
0.022 
-0.011 
0.292 
-0.217 
-0.071 
-0.147 
0.009 
-0.042 
-0.077 
-0.065 
0.030 
0.030 
-0.030 
0.107 
-0.024 
0.116 
-0.296 
-0.296 
-0.298 
0.130 
-0.004 
-0.062 
0.196 
0.238 
-0.037 
-0.053 
-0.046 
-0.095 
-0.090 
-0.130 
0.161 
-0.050 
0.053 
-0.053 
-0.096 
-0.035 
0.078 
-0.042 
0.012 
-0.006 
0.092 
0.013 
-0.045 
-0.034 
0.032 
-0.016 
0.053 
-0.003 
-0.073 
0.025 
0.009 
0.019 
-0.054 
-0.049 
0.095 
0.082 
-0.064 
0.006 
0.047 
-0.042 
0.037 
0.112 
0.076 
0.068 
0.073 
0.038 
0.029 
-0.073 
-0.026 
-0.058 
-0.108 
0.015 
0.008 
0.004 
-0.047 
0.000 
-0.021 
-0.063 
-0.016 
-0.126 
-0.003 
0.108 
0.129 
0.007 
-0.086 
0.000 
0.013 
-0.035 
0.023 
-0.050 
-0.015 
-0.077 
-0.006 
0.041 
-0.006 
0.027 
-0.100 
-0.068 
-0.043 
-0.042 
0.170 
0.014 
0.064 
0.043 
-0.086 
-0.089 
0.129 
0.147 
-0.081 
0.071 
-0.061 
-0.118 
-0.021 
0.016 
0.139 
0.018 
-0.003 
0.199 
-0.268 
-0.102 
-0.116 
0.061 
0.058 
-0.078 
0.000 
-0.004 
-0.064 
-0.004 
-0.022 
0.055 
0.061 
0.045 
-0.036 
-0.016 
-0.057 
0.013 
0.029 
-0.009 
-0.002 
-0.038 
-0.025 
-0.039 
0.026 
0.025 
0.002 
0.030 
0.017 
-0.057 
-0.012 
-0.143 
0.025 
0.048 
-0.037 
0.047 
0.015 
0.010 
0.004 
-0.034 
-0.002 
-0.036 
-0.002 
0.057 
0.000 
0.035 
0.032 
-0.010 
0.012 
0.021 
-0.067 
-0.009 
0.010 
-0.032 
0.002 
0.004 
-0.017 
0.044 
-0.008 
-0.064 
-0.043 
-0.041 
0.012 
0.002 
-0.008 
0.029 
0.035 
0.063 
-0.004 
-0.036 
-0.073 
0.012 
-0.042 
0.010 
0.025 
-0.032 
-0.016 
-0.005 
-0.003 
0.034 
0.018 
-0.058 
0.016 
0.016 
0.000 
-0.031 
-0.015 
0.080 
-0.059 
-0.008 
-0.044 
0.007 
-0.009 
-0.013 
0.007 
-0.022 
0.015 
-0.007 
0.030 
0.029 
-0.024 
0.002 
0.015 
0.017 
-0.012 
0.006 
0.000 
0.027 
0.036 
0.002 
0.024 
-0.025 
0.008 
0.008 
0.042 
-0.005 
-0.010 
0.021 
-0.045 
-0.008 
0.000 
0.008 
-0.032 
0.008 
-0.016 
-0.017 
0.043 
0.003 
-0.018 
0.026 
-0.032 
-0.043 
0.005 
0.009 
0.019 
0.021 
-0.006 
0.002 
-0.019 
-0.077 
-0.028 
0.000 
0.007 
0.022 
0.007 
0.000 
-0.007 
0.012 
-0.026 
-0.048 
-0.027 
0.048 
0.000 
-0.008 
-0.004 
0.014 
-0.015 
-0.018 
-0.028 
0.000 
0.044 
0.046 
-0.006 
-0.015 
0.030 
-0.011 
-0.003 
0.009 
0.021 
0.030 
0.008 
0.012 
0.027 
0.050 
-0.029 
0.005 
-0.077 
0.029 
0.017 
-0.021 
-0.066 
0.012 
-0.003 
-0.021 
0.003 
0.009 
0.033 
0.002 
-0.019 
0.010 
0.002 
-0.009 
-0.014 
0.007 
0.019 
-0.010 
-0.024 
-0.044 
0.018 
-0.004 
-0.023 
0.028 
-0.012 
0.049 
-0.007 
-0.021 
-0.014 
-0.007 
0.000 
0.043 
-0.051 
-0.016 
0.015 
0.015 
0.000 
0.042 
-0.038 
0.027 
0.035 
0.022 
-0.040 
-0.021 
-0.017 
-0.011 
-0.001 
0.011 
0.008 
0.013 
0.016 
-0.004 
0.007 
0.009 
-0.024 
0.016 
-0.003 
0.013 
-0.029 
0.003 
0.022 
-0.013 
0.004 
0.026 
0.010 
-0.006 
0.013 
0.029 
0.028 
-0.016 
0.003 
-0.008 
-0.046 
0.017 
0.009 
-0.034 
-0.033 
0.001 
-0.030 
0.030 
-0.033 
-0.009 
0.040 
0.020 
0.039 
0.044 
-0.017 
0.033 
0.005 
-0.022 
0.088 
-0.002 
-0.003 
0.012 
-0.007 
-0.007 
0.017 
-0.035 
-0.013 
0.003 
0.027 
-0.008 
0.000 
-0.016 
-0.016 
-0.061 
0.000 
0.008 
-0.037 
0.000 
0.015 
0.047 
-0.002 
0.006 
-0.005 
0.008 
-0.006 
-0.012 
0.013 
0.024 
-0.047 
0.014 
-0.005 
0.011 
-0.008 
-0.005 
-0.017 
-0.002 
0.018 
-0.014 
-0.009 
-0.002 
-0.004 
-0.037 
-0.007 
0.057 
0.022 
0.014 
0.011 
0.016 
-0.017 
-0.008 
-0.003 
-0.012 
0.066 
0.030 
0.015 
0.047 
-0.026 
0.004 
-0.012 
-0.022 
0.032 
-0.015 
0.032 
0.018 
-0.072 
0.026 
-0.009 
0.039 
-0.018 
-0.022 
0.016 
0.011 
0.000 
0.090 
0.002 
0.024 
-0.019 
0.014 
0.010 
0.014 
0.027 
0.034 
-0.048 
-0.010 
0.061 
-0.037 
-0.022 
-0.020 
-0.036 
0.009 
0.035 
-0.015 
0.040 
0.018 
0.041 
-0.006 
0.000 
0.019 
0.011 
0.013 
0.030 
-0.031 
0.037 
0.005 
0.007 
-0.009 
-0.014 
-0.022 
-0.009 
0.039 
0.000 
0.092 
0.005 
0.000 
-0.017 
-0.049 
-0.030 
0.033 
0.022 
-0.021 
0.000 
-0.012 
0.000 
0.049 
0.070 
-0.005 
-0.013 
-0.060 
0.000 
-0.012 
-0.012 
0.000 
-0.028 
0.079 
0.000 
-0.173 
-0.056 
-0.039 
-0.027 
-0.059 
-0.062 
-0.061 
0.104 
0.029 
-0.075 
-0.009 
0.110 
0.053 
-0.033 
0.012 
-0.009 
-0.012 
-0.065 
-0.032 
0.076 
-0.051 
0.282 
-0.117 
0.077 
0.243 
0.197 
-0.126 
-0.091 
0.025 
0.146 
0.051 
-0.005 
0.192 
0.083 
0.016 
0.021 
-0.086 
-0.012 
0.001 
0.114 
0.134 
0.084 
0.043 
-0.072 
0.000 
-0.054 
-0.085 
0.011 
-0.038 
-0.036 
0.031 
-0.003 
0.082 
-0.093 
0.014 
-0.077 
-0.054 
-0.026 
0.007 
0.043 
-0.074 
0.021 
-0.036 
-0.071 
-0.040 
0.028 
0.062 
-0.046 
-0.067 
-0.045 
-0.084 
0.009 
0.026 
-0.033 
0.017 
-0.017 
-0.048 
0.008 
-0.053 
-0.043 
-0.028 
0.076 
0.024 
0.008 
0.007 
-0.023 
0.008 
-0.008 
-0.051 
0.054 
-0.071 
0.085 
0.112 
-0.049 
-0.046 
-0.031 
0.032 
-0.059 
-0.123 
-0.006 
-0.031 
0.000 
0.013 
-0.031 
0.093 
-0.019 
0.062 
-0.014 
-0.045 
0.117 
0.062 
-0.085 
0.093 
-0.015 
-0.149 
0.000 
-0.061 
-0.018 
0.050 
0.000 
-0.065 
0.031 
0.058 
-0.043 
0.059 
-0.019 
0.026 
-0.089 
-0.111 
0.000 
-0.031 
0.060 
0.046 
-0.028 
0.207 
0.021 
-0.075 
0.053 
-0.032 
-0.139 
0.059 
-0.132 
-0.015 
-0.010 
0.104 
0.144 
-0.111 
-0.027 
-0.061 
-0.132 
-0.009 
-0.021 
0.035 
-0.013 
0.070 
0.009 
0.004 
0.034 
0.041 
0.060 
0.022 
0.017 
-0.058 
-0.015 
-0.054 
0.141 
0.023 
-0.049 
0.034 
0.066 
0.031 
-0.018 
-0.012 
0.037 
-0.059 
0.043 
-0.012 
-0.018 
0.077 
-0.013 
0.013 
-0.083 
0.083 
0.007 
0.068 
0.021 
-0.013 
0.066 
0.015 
-0.007 
0.015 
-0.022 
0.030 
-0.050 
-0.035 
0.051 
-0.049 
0.014 
0.068 
-0.015 
0.022 
0.056 
-0.008 
-0.015 
0.016 
-0.023 
-0.059 
0.062 
0.057 
0.025 
-0.056 
0.042 
0.025 
0.124 
0.050 
-0.020 
0.000 
0.030 
-0.092 
0.000 
0.009 
-0.027 
0.000 
-0.018 
0.036 
0.019 
-0.027 
-0.068 
-0.017 
0.017 
-0.064 
0.077 
-0.025 
-0.048 
0.146 
-0.018 
-0.009 
0.108 
-0.184 
-0.038 
0.040 
-0.120 
0.000 
0.052 
0.098 
0.297 
0.102 
0.028 
0.061 
0.082 
0.035 
0.022 
-0.089 
-0.140 
-0.010 
-0.038 
0.059 
0.098 
0.012 
-0.046 
0.061 
0.028 
-0.010 
0.101 
-0.025 
-0.043 
-0.058 
0.023 
-0.074 
0.151 
0.003 
-0.143 
-0.193 
0.047 
0.046 
-0.104 
-0.009 
0.009 
0.010 
-0.019 
-0.027 
0.028 
0.049 
-0.128 
-0.025 
0.062 
0.046 
0.009 
0.271 
0.051 
-0.076 
-0.003 
-0.111 
0.007 
-0.092 
0.000 
-0.151 
-0.052 
-0.008 
-0.007 
-0.049 
-0.041 
0.000 
0.042 
0.029 
-0.028 
0.052 
-0.123 
-0.055 
0.052 
0.000 
0.192 
-0.030 
0.008 
0.000 
0.081 
-0.102 
0.007 
0.007 
-0.151 
-0.122 
0.000 
0.161 
0.076 
-0.142 
-0.029 
0.200 
-0.094 
-0.030 
-0.041 
0.089 
0.197 
-0.185 
-0.024 
0.092 
0.226 
0.060 
0.035 
0.284 
0.207 
-0.052 
0.156 
0.071 
0.120 
0.140 
0.013 
0.030 
0.035 
0.028 
0.043 
-0.024 
-0.075 
0.035 
-0.020 
-0.102 
-0.051 
0.039 
0.001 
-0.017 
0.119 
0.055 
0.010 
0.010 
0.020 
-0.029 
-0.100 
0.016 
-0.037 
-0.040 
-0.117 
0.025 
-0.052 
-0.032 
-0.020 
-0.011 
0.023 
-0.077 
-0.042 
-0.007 
-0.013 
0.013 
0.021 
