-0.025 
-0.010 
0.005 
-0.005 
-0.033 
0.005 
0.066 
0.032 
-0.045 
-0.005 
-0.015 
0.000 
-0.005 
0.020 
0.010 
0.021 
-0.005 
-0.025 
0.010 
-0.005 
0.015 
0.026 
0.000 
0.000 
0.005 
0.016 
0.016 
-0.011 
0.039 
0.000 
-0.048 
0.016 
0.028 
0.000 
0.000 
0.000 
0.011 
-0.006 
0.066 
0.037 
0.019 
-0.025 
0.045 
0.006 
0.000 
-0.049 
-0.030 
0.031 
0.019 
0.032 
0.054 
0.021 
-0.007 
0.000 
-0.033 
0.071 
0.015 
0.030 
-0.095 
0.007 
0.021 
-0.040 
-0.007 
0.000 
-0.038 
-0.071 
-0.012 
-0.006 
-0.023 
0.029 
0.030 
-0.006 
0.000 
0.025 
0.025 
0.000 
-0.054 
0.012 
-0.046 
-0.022 
0.006 
0.006 
0.048 
0.031 
-0.012 
0.038 
0.013 
0.026 
-0.006 
-0.013 
-0.006 
-0.060 
-0.046 
0.115 
-0.025 
-0.085 
-0.083 
0.016 
0.033 
0.028 
0.006 
-0.028 
-0.042 
-0.064 
0.000 
0.005 
0.020 
-0.029 
-0.005 
-0.014 
0.020 
-0.024 
-0.019 
0.014 
-0.005 
-0.036 
-0.004 
0.000 
0.009 
-0.009 
0.043 
0.000 
-0.023 
-0.018 
0.023 
0.019 
-0.009 
0.000 
