1.960 
2.010 
2.030 
2.020 
2.030 
2.100 
2.090 
1.960 
1.900 
1.990 
2.000 
2.030 
2.030 
2.040 
2.000 
1.980 
1.940 
1.950 
2.000 
1.980 
1.990 
1.960 
1.910 
1.910 
1.910 
1.900 
1.870 
1.840 
1.860 
1.790 
1.790 
1.880 
1.850 
1.800 
1.800 
1.800 
1.800 
1.780 
1.790 
1.680 
1.620 
1.590 
1.630 
1.560 
1.550 
1.550 
1.630 
1.680 
1.630 
1.600 
1.550 
1.470 
1.440 
1.450 
1.450 
1.500 
1.400 
1.380 
1.340 
1.480 
1.470 
1.440 
1.500 
1.510 
1.510 
1.570 
1.690 
1.710 
1.720 
1.760 
1.710 
1.660 
1.670 
1.670 
1.630 
1.590 
1.590 
1.680 
1.660 
1.740 
1.780 
1.770 
1.760 
1.680 
1.630 
1.650 
1.590 
1.570 
1.530 
1.540 
1.560 
1.570 
1.670 
1.750 
1.570 
1.610 
1.760 
1.920 
1.890 
1.830 
1.780 
1.770 
1.820 
1.900 
2.030 
2.030 
2.020 
1.980 
2.040 
2.050 
2.080 
2.040 
2.090 
2.130 
2.100 
2.110 
2.190 
2.200 
2.200 
2.180 
2.200 
2.110 
2.110 
2.160 
2.200 
2.150 
2.110 
2.130 
