1.990 
2.070 
2.080 
2.040 
2.060 
2.120 
2.090 
1.970 
2.000 
2.020 
2.040 
2.050 
2.060 
2.060 
2.010 
2.010 
1.970 
2.000 
2.010 
2.020 
1.990 
1.970 
1.950 
1.920 
1.930 
1.900 
1.870 
1.900 
1.860 
1.810 
1.880 
1.900 
1.850 
1.810 
1.820 
1.810 
1.800 
1.810 
1.810 
1.680 
1.650 
1.660 
1.650 
1.580 
1.600 
1.620 
1.740 
1.690 
1.650 
1.680 
1.560 
1.470 
1.520 
1.490 
1.530 
1.500 
1.420 
1.420 
1.530 
1.560 
1.510 
1.500 
1.530 
1.550 
1.580 
1.700 
1.720 
1.760 
1.780 
1.780 
1.730 
1.700 
1.700 
1.690 
1.630 
1.630 
1.660 
1.690 
1.750 
1.800 
1.780 
1.810 
1.780 
1.680 
1.690 
1.680 
1.630 
1.610 
1.580 
1.610 
1.640 
1.690 
1.780 
1.810 
1.660 
1.750 
1.900 
1.950 
1.970 
1.830 
1.800 
1.870 
1.870 
2.030 
2.070 
2.050 
2.040 
2.060 
2.080 
2.080 
2.080 
2.090 
2.140 
2.130 
2.140 
2.170 
2.190 
2.200 
2.200 
2.200 
2.200 
2.160 
2.150 
2.210 
2.220 
2.170 
2.130 
2.150 
