1.770 
1.770 
1.730 
1.820 
1.810 
1.670 
1.690 
1.740 
1.790 
1.840 
1.750 
1.750 
1.670 
1.610 
1.540 
1.500 
1.520 
1.560 
1.570 
1.470 
1.520 
1.490 
1.450 
1.470 
1.480 
1.490 
1.540 
1.540 
1.530 
1.550 
1.560 
1.580 
1.610 
1.590 
1.620 
1.610 
1.580 
1.580 
1.650 
1.600 
1.580 
1.540 
1.530 
1.530 
1.510 
1.480 
1.440 
1.510 
1.490 
1.510 
1.520 
1.600 
1.580 
1.540 
1.510 
1.500 
1.480 
1.520 
1.620 
1.590 
1.500 
1.650 
1.680 
1.710 
1.730 
1.760 
1.770 
1.710 
1.570 
1.540 
1.550 
1.590 
1.600 
1.540 
1.600 
1.540 
1.520 
1.600 
1.610 
1.650 
1.710 
1.710 
1.750 
1.740 
1.750 
1.760 
1.700 
1.630 
1.580 
1.700 
1.640 
1.640 
1.720 
1.710 
1.730 
1.710 
1.720 
1.760 
1.740 
1.720 
1.720 
1.790 
1.770 
1.690 
1.590 
1.430 
1.410 
1.320 
1.340 
1.430 
1.540 
1.600 
1.660 
1.590 
1.440 
1.660 
2.230 
2.110 
2.100 
1.820 
1.700 
1.870 
1.890 
1.940 
2.160 
2.320 
2.260 
2.300 
2.280 
2.350 
2.330 
2.370 
2.440 
2.370 
2.440 
2.430 
2.410 
2.430 
2.590 
2.390 
2.330 
2.290 
2.230 
2.180 
2.190 
2.220 
2.240 
2.260 
2.110 
2.080 
1.990 
1.950 
1.870 
1.920 
2.060 
2.120 
2.080 
1.910 
1.890 
1.890 
1.930 
1.750 
1.680 
1.660 
1.670 
1.750 
1.760 
1.670 
1.710 
1.760 
1.800 
1.880 
1.890 
1.890 
1.810 
1.730 
1.750 
1.680 
1.690 
1.730 
1.820 
1.900 
1.980 
1.850 
1.700 
1.670 
1.720 
1.600 
1.610 
1.660 
1.600 
1.510 
1.460 
1.340 
1.260 
1.180 
1.230 
1.300 
1.340 
1.460 
1.470 
1.450 
1.360 
1.120 
0.949 
1.110 
0.990 
0.990 
1.360 
1.470 
1.610 
1.780 
1.800 
1.750 
1.790 
1.860 
1.720 
1.770 
1.760 
1.650 
1.670 
1.860 
1.780 
2.050 
2.150 
2.180 
2.080 
2.050 
2.020 
1.990 
2.270 
2.390 
2.410 
2.440 
2.470 
2.460 
2.510 
2.520 
2.500 
2.470 
2.410 
2.300 
2.260 
2.170 
2.040 
1.900 
1.820 
1.810 
1.830 
1.890 
1.990 
2.000 
2.350 
2.350 
2.350 
2.350 
