1.960 
2.010 
2.020 
1.940 
2.030 
2.050 
2.000 
1.890 
1.860 
1.960 
1.990 
2.010 
2.010 
2.010 
1.960 
1.940 
1.920 
1.930 
1.980 
1.960 
1.940 
1.900 
1.860 
1.890 
1.860 
1.860 
1.820 
1.810 
1.790 
1.750 
1.780 
1.850 
1.790 
1.790 
1.780 
1.770 
1.760 
1.770 
1.670 
1.610 
1.610 
1.590 
1.540 
1.520 
1.510 
1.540 
1.620 
1.600 
1.560 
1.570 
1.470 
1.420 
1.440 
1.410 
1.450 
1.370 
1.340 
1.320 
1.330 
1.430 
1.440 
1.430 
1.470 
1.480 
1.510 
1.570 
1.630 
1.680 
1.720 
1.710 
1.670 
1.650 
1.620 
1.610 
1.560 
1.580 
1.570 
1.630 
1.640 
1.720 
1.750 
1.750 
1.680 
1.610 
1.620 
1.600 
1.570 
1.510 
1.530 
1.520 
1.550 
1.550 
1.670 
1.650 
1.540 
1.560 
1.710 
1.860 
1.830 
1.670 
1.750 
1.760 
1.780 
1.890 
2.010 
2.010 
1.970 
1.980 
2.040 
2.020 
2.020 
2.020 
2.080 
2.080 
2.080 
2.100 
2.170 
2.160 
2.150 
2.150 
2.120 
2.110 
2.090 
2.130 
2.150 
2.110 
2.100 
2.120 
