1.510 
1.620 
1.370 
1.190 
1.070 
1.140 
1.030 
1.350 
1.510 
1.600 
1.750 
1.850 
1.830 
1.840 
1.880 
1.860 
1.740 
1.830 
1.810 
1.710 
1.800 
1.920 
2.050 
2.150 
2.190 
2.230 
2.120 
2.090 
2.130 
2.210 
2.450 
2.470 
2.470 
2.500 
2.500 
2.500 
2.550 
2.600 
2.610 
2.500 
2.410 
2.350 
2.340 
2.170 
2.090 
1.920 
1.830 
1.870 
1.920 
2.000 
2.020 
2.010 
2.350 
2.350 
2.350 
2.600 
3.000 
2.650 
2.800 
2.700 
2.700 
2.900 
3.550 
3.400 
3.950 
4.100 
4.300 
5.000 
5.000 
5.500 
6.050 
7.300 
8.000 
6.900 
6.250 
7.100 
6.550 
6.850 
7.650 
7.350 
7.150 
6.900 
7.200 
7.000 
5.350 
5.500 
5.500 
5.500 
5.500 
5.700 
5.800 
5.850 
4.850 
4.750 
5.500 
5.750 
5.650 
6.700 
6.400 
6.350 
6.900 
8.050 
8.400 
7.550 
7.550 
7.050 
7.250 
7.450 
7.200 
6.800 
7.300 
6.400 
5.800 
5.450 
4.750 
4.150 
4.050 
4.750 
4.750 
4.950 
4.400 
3.850 
4.350 
4.700 
5.650 
5.950 
5.850 
7.000 
6.750 
6.950 
6.650 
7.250 
6.600 
6.550 
3.950 
5.600 
7.950 
11.300 
14.000 
13.600 
14.700 
13.500 
11.950 
11.150 
11.400 
12.000 
12.650 
12.500 
15.500 
15.950 
15.400 
14.250 
14.650 
16.000 
16.150 
16.600 
16.700 
16.350 
16.500 
15.050 
14.900 
14.850 
16.450 
15.750 
15.900 
16.050 
14.950 
16.450 
15.900 
16.300 
15.350 
15.600 
17.450 
17.100 
14.200 
15.000 
15.200 
14.500 
15.300 
15.450 
13.100 
12.950 
11.950 
11.050 
10.500 
10.500 
11.200 
11.000 
12.200 
13.550 
13.250 
13.150 
13.750 
13.900 
13.900 
14.650 
14.600 
15.600 
16.800 
17.500 
15.800 
14.950 
14.100 
14.750 
15.550 
15.450 
15.750 
15.200 
16.000 
17.850 
17.250 
17.450 
16.600 
17.400 
17.700 
18.000 
19.600 
19.750 
21.650 
21.000 
19.150 
17.900 
17.600 
16.500 
18.000 
19.950 
16.500 
15.850 
16.500 
15.250 
18.700 
15.100 
18.250 
17.750 
18.000 
17.200 
15.250 
18.500 
20.100 
22.500 
22.750 
21.350 
22.500 
22.750 
22.500 
23.650 
24.650 
24.500 
23.500 
22.150 
21.200 
22.050 
21.100 
23.550 
23.500 
22.750 
22.950 
22.500 
24.000 
24.500 
25.250 
24.500 
24.700 
24.000 
23.550 
23.000 
24.500 
24.250 
27.000 
28.500 
26.950 
28.250 
26.500 
26.350 
26.150 
26.000 
26.550 
27.400 
27.750 
28.000 
26.500 
26.300 
25.600 
24.900 
25.050 
24.700 
24.650 
25.750 
26.450 
25.850 
26.900 
27.150 
26.750 
27.150 
26.400 
26.650 
28.000 
29.500 
31.500 
31.600 
29.400 
30.700 
29.500 
29.000 
27.300 
27.350 
28.500 
30.000 
29.750 
30.850 
31.500 
30.000 
30.700 
31.500 
31.650 
32.400 
31.500 
30.450 
32.000 
31.050 
31.500 
31.000 
31.550 
31.900 
30.500 
31.900 
32.600 
33.500 
33.500 
33.800 
34.150 
34.000 
34.200 
35.000 
34.500 
33.500 
32.700 
33.100 
32.750 
33.000 
32.050 
32.700 
32.450 
32.500 
31.950 
30.500 
30.500 
29.800 
30.500 
30.050 
29.700 
28.600 
29.500 
28.500 
28.650 
29.550 
30.250 
30.600 
30.000 
31.000 
30.700 
31.500 
32.000 
30.900 
30.050 
30.850 
30.500 
31.500 
32.000 
32.200 
32.200 
31.650 
31.000 
31.050 
31.450 
32.000 
34.350 
35.650 
35.250 
35.250 
34.650 
34.050 
34.000 
34.250 
34.250 
34.400 
36.900 
37.000 
35.900 
36.450 
36.150 
36.500 
36.250 
36.300 
36.950 
37.950 
39.200 
36.500 
35.000 
35.000 
35.500 
35.000 
35.000 
35.000 
34.950 
34.000 
33.600 
32.900 
32.950 
32.000 
30.900 
31.650 
31.200 
33.100 
32.500 
32.150 
32.900 
34.550 
34.700 
34.500 
35.250 
35.000 
35.000 
34.000 
33.650 
34.500 
34.000 
33.950 
34.500 
35.050 
34.850 
34.000 
34.850 
34.850 
36.500 
36.500 
36.100 
36.650 
36.000 
36.000 
35.150 
35.000 
35.750 
36.250 
36.650 
36.150 
36.400 
36.200 
37.500 
36.600 
36.300 
36.600 
35.350 
35.450 
35.450 
34.150 
34.000 
35.000 
33.950 
36.050 
36.650 
35.600 
35.800 
35.950 
35.600 
34.950 
35.000 
34.850 
34.250 
35.050 
34.850 
35.250 
34.500 
35.500 
35.500 
35.000 
35.150 
35.200 
34.450 
34.000 
33.250 
33.500 
32.700 
31.650 
32.750 
32.250 
32.000 
33.850 
33.050 
33.000 
34.400 
35.200 
35.450 
36.500 
35.950 
36.000 
37.100 
36.000 
35.000 
33.950 
32.050 
32.750 
31.550 
31.400 
32.000 
29.500 
29.300 
29.400 
29.500 
29.500 
29.600 
29.150 
30.250 
30.500 
30.900 
30.000 
30.250 
30.000 
30.500 
30.550 
32.500 
33.000 
32.500 
34.000 
33.750 
33.950 
32.300 
31.800 
31.850 
32.000 
31.550 
31.950 
31.800 
32.000 
31.200 
32.900 
32.450 
32.450 
32.300 
32.000 
32.750 
33.000 
33.200 
32.350 
33.000 
33.450 
33.500 
33.100 
35.000 
35.000 
33.450 
32.700 
32.000 
31.500 
31.450 
31.650 
32.000 
32.000 
31.500 
31.500 
29.550 
29.250 
28.000 
28.500 
28.250 
28.500 
29.400 
28.500 
28.950 
28.000 
28.050 
29.700 
29.600 
29.100 
28.200 
28.600 
29.250 
29.000 
28.650 
29.050 
26.150 
26.050 
25.500 
26.000 
25.650 
25.900 
25.400 
24.650 
23.300 
24.650 
25.050 
23.500 
24.700 
24.900 
25.050 
26.500 
26.250 
25.350 
26.000 
25.100 
24.500 
23.350 
23.500 
23.650 
23.050 
22.850 
22.550 
22.000 
22.600 
22.000 
21.900 
21.650 
21.550 
22.100 
22.500 
22.800 
22.000 
22.000 
20.300 
20.000 
19.950 
20.250 
21.050 
21.800 
21.500 
21.050 
21.400 
20.350 
21.200 
21.500 
20.950 
19.500 
19.650 
20.200 
20.500 
21.250 
20.750 
21.850 
20.350 
22.000 
20.350 
20.250 
21.000 
26.050 
27.000 
27.750 
29.250 
31.500 
34.000 
30.000 
29.000 
31.950 
33.000 
29.650 
27.550 
27.750 
28.500 
28.000 
28.750 
31.400 
32.000 
31.250 
30.000 
28.000 
27.280 
24.790 
22.820 
17.120 
19.440 
21.400 
21.760 
18.550 
17.830 
17.390 
15.300 
13.890 
13.540 
13.200 
13.930 
14.200 
14.980 
13.710 
11.590 
11.020 
9.270 
10.980 
10.700 
11.690 
12.480 
12.660 
12.770 
13.500 
13.010 
13.130 
12.160 
12.570 
13.200 
14.280 
15.120 
15.530 
16.030 
15.030 
16.010 
15.640 
16.710 
17.260 
18.360 
18.010 
17.080 
16.780 
18.900 
19.970 
21.040 
21.570 
21.040 
21.570 
20.860 
21.400 
22.470 
22.290 
23.360 
24.790 
25.320 
23.900 
22.820 
22.290 
23.180 
23.180 
23.180 
23.710 
24.790 
23.710 
25.320 
23.900 
21.570 
22.110 
23.180 
23.360 
23.710 
23.710 
27.280 
27.280 
28.710 
29.250 
28.000 
29.780 
27.460 
26.750 
26.570 
25.680 
27.110 
24.960 
23.180 
24.960 
24.250 
23.900 
28.000 
27.810 
29.420 
30.140 
28.710 
28.530 
30.320 
29.780 
28.530 
29.600 
27.460 
27.460 
28.000 
29.420 
34.590 
34.230 
34.770 
33.340 
29.250 
32.280 
28.000 
26.570 
27.640 
28.000 
27.110 
33.170 
29.780 
34.590 
36.380 
36.200 
33.170 
29.250 
32.100 
33.700 
34.410 
39.580 
40.470 
42.080 
38.520 
40.300 
38.160 
37.800 
37.980 
37.090 
36.380 
33.170 
32.810 
31.200 
33.700 
34.410 
36.910 
32.450 
31.200 
32.980 
31.200 
33.340 
29.250 
29.780 
28.890 
28.530 
29.420 
29.070 
28.890 
30.320 
27.460 
28.890 
29.420 
30.670 
28.350 
27.810 
26.040 
26.040 
26.210 
24.430 
23.900 
24.070 
23.710 
24.070 
23.900 
24.430 
26.570 
24.430 
25.850 
25.320 
23.900 
24.070 
24.070 
22.470 
22.650 
22.650 
22.290 
23.180 
23.900 
23.540 
22.110 
21.570 
22.290 
21.400 
21.220 
20.330 
18.550 
18.360 
18.360 
17.830 
18.720 
19.610 
19.790 
19.610 
20.150 
20.150 
19.790 
18.900 
19.260 
21.220 
21.400 
21.040 
22.650 
21.040 
21.930 
22.650 
21.760 
19.790 
20.690 
18.010 
21.400 
22.110 
21.930 
25.850 
25.680 
28.170 
22.820 
16.940 
15.660 
14.530 
15.050 
13.010 
13.010 
12.660 
13.500 
15.420 
15.520 
16.350 
16.030 
14.890 
14.000 
14.620 
13.750 
13.730 
13.980 
12.520 
13.010 
13.110 
14.450 
12.520 
14.450 
13.280 
13.010 
14.980 
14.620 
17.640 
17.280 
19.260 
19.080 
18.550 
18.900 
19.080 
19.610 
19.790 
17.830 
20.510 
20.860 
20.330 
19.440 
19.970 
15.370 
14.460 
15.420 
15.850 
17.660 
17.640 
19.080 
18.550 
22.820 
23.710 
24.250 
23.900 
24.960 
26.570 
26.390 
25.320 
24.070 
27.110 
24.600 
26.040 
29.780 
29.250 
27.110 
23.000 
23.180 
24.600 
23.710 
22.110 
24.790 
25.140 
23.900 
27.810 
33.170 
34.060 
30.840 
25.850 
28.890 
31.030 
29.420 
26.570 
28.170 
31.380 
29.950 
26.750 
26.570 
31.200 
29.600 
24.960 
20.510 
20.690 
16.410 
13.200 
13.710 
11.770 
11.400 
9.980 
8.780 
8.790 
7.990 
8.070 
7.900 
7.580 
7.840 
8.290 
8.010 
8.330 
9.100 
9.680 
9.450 
9.270 
9.270 
8.560 
8.100 
7.940 
7.970 
7.690 
8.010 
8.730 
8.780 
8.920 
9.200 
10.340 
9.960 
11.000 
11.410 
11.230 
11.770 
11.450 
12.390 
12.140 
13.050 
13.540 
12.840 
13.200 
